5.313665951689472e-07
5.313665951689472e-07
5.313632414072345e-07
5.313629571901402e-07
5.313648330229626e-07
5.313627866598836e-07
5.313652877703134e-07
5.313730753186974e-07
5.313694373398903e-07
5.313729047884408e-07
5.313847850629827e-07
5.313850124366581e-07
5.31393652636325e-07
5.313942210705136e-07
5.313987117006036e-07
5.313892188496538e-07
5.313966653375246e-07
5.313835345077678e-07
5.313893893799104e-07
5.314031454872747e-07
5.314142299539526e-07
5.314576014825434e-07
5.314764734976052e-07
5.315058615451562e-07
5.31482271526329e-07
5.315362159308279e-07
5.31539456005703e-07
5.31557020622131e-07
5.316581450642843e-07
5.316084639162e-07
5.316657620824117e-07
5.316455258252972e-07
5.316828151080699e-07
5.317011186889431e-07
5.317523346093367e-07
5.317331215337617e-07
5.317806994753482e-07
5.318464673109702e-07
5.318876787896443e-07
5.319158731253992e-07
5.319047318153025e-07
5.319231490830134e-07
5.319722049534903e-07
5.320444529388624e-07
5.320520131135709e-07
5.320474087966431e-07
5.320915192896791e-07
5.3211442718748e-07
5.32113233475684e-07
5.321107892086729e-07
5.321911658029421e-07
5.322159495335654e-07
5.32228796146228e-07
5.322494871506933e-07
5.322265224094735e-07
5.322397100826493e-07
5.32278193077218e-07
5.322783636074746e-07
5.323477125784848e-07
5.323684035829501e-07
5.3240233910401e-07
5.324137077877822e-07
5.324585572452634e-07
5.324071139511943e-07
5.324398557604582e-07
5.324297944753198e-07
5.324140488482954e-07
5.324324661160063e-07
5.324326366462628e-07
5.324416179064428e-07
5.325139227352338e-07
5.324915264282026e-07
5.325058509697556e-07
5.324769176695554e-07
5.324737912815181e-07
5.324775429471629e-07
5.324680500962131e-07
5.324617404767196e-07
5.324634457792854e-07
5.324785661287024e-07
5.324822609509283e-07
5.325038614500954e-07
5.324843641574262e-07
5.325292136149073e-07
5.324958465280361e-07
5.324641847437306e-07
5.32477486103744e-07
5.325265419742209e-07
5.325571805769869e-07
5.325860001903493e-07
5.325760525920487e-07
5.32610613390716e-07
5.32623687377054e-07
5.326352265910828e-07
5.326313612386002e-07
5.326392624738219e-07
5.326792802406999e-07
5.327031544766214e-07
5.327155463419331e-07
5.327313488123764e-07
5.326876930666913e-07
5.326896257429325e-07
5.327451617631596e-07
5.327651138031797e-07
5.327778467290045e-07
5.327635790308705e-07
5.327561893864186e-07
5.32771139205579e-07
5.32772332917375e-07
5.32664103047864e-07
5.327697749635263e-07
5.327055419002136e-07
5.327555641088111e-07
5.327499934537627e-07
5.328047905095445e-07
5.328558927431004e-07
5.328616907718242e-07
5.328117822500644e-07
5.328736847332038e-07
5.329092118699919e-07
5.328679435478989e-07
5.329404189069464e-07
5.328832912709913e-07
5.328309384822205e-07
5.329356440597621e-07
5.328710699359362e-07
5.328727752385021e-07
5.328611223376356e-07
5.328903398549301e-07
5.328811880644935e-07
5.328835186446668e-07
5.329128498487989e-07
5.328969336915179e-07
5.329176246959832e-07
5.329055170477659e-07
5.329582108970499e-07
5.32922229012911e-07
5.329523560249072e-07
5.329662258191092e-07
5.329421242095123e-07
5.329346208782226e-07
5.329423515831877e-07
5.329461600922514e-07
5.329232521944505e-07
5.329300165612949e-07
5.328541305971157e-07
5.3287237733457e-07
5.328689667294384e-07
5.328917609404016e-07
5.32887099780055e-07
5.328963084139104e-07
5.329288796929177e-07
5.328844849827874e-07
5.328393513082119e-07
5.328627707967826e-07
5.328402608029137e-07
5.328636234480655e-07
5.328822680894518e-07
5.329487180461001e-07
5.328937504600617e-07
5.328662382453331e-07
5.328419092620607e-07
5.3282298040358e-07
5.328657834979822e-07
5.328651582203747e-07
5.32898127403314e-07
5.328219572220405e-07
5.328622592060128e-07
5.327989924808207e-07
5.328537895366026e-07
5.328060979081783e-07
5.32785008999781e-07
5.327747203409672e-07
5.327617600414669e-07
5.327539156496641e-07
5.327530061549623e-07
5.32771537109511e-07
5.327333383320365e-07
5.327203211891174e-07
5.326921836967813e-07
5.327624990059121e-07
5.327450480763218e-07
5.327420922185411e-07
5.32689455212676e-07
5.326905920810532e-07
5.327178200786875e-07
5.327331109583611e-07
5.327557914824865e-07
5.327592020876182e-07
5.327017902345688e-07
5.327618168848858e-07
5.327464123183745e-07
5.327187864168081e-07
5.327173084879178e-07
5.32665353603079e-07
5.327496523932496e-07
5.326457994669909e-07
5.325973688741215e-07
5.325455845195393e-07
5.325852043824852e-07
5.325612733031448e-07
5.325568963598926e-07
5.32516708062758e-07
5.324866947375995e-07
5.325339316186728e-07
5.325213692231046e-07
5.324920948623912e-07
5.325230176822515e-07
5.325079541762534e-07
5.324769176695554e-07
5.324351377566927e-07
5.32434626165923e-07
5.324841936271696e-07
5.325004508449638e-07
5.325047141013783e-07
5.32513013240532e-07
5.325297252056771e-07
5.325247798282362e-07
5.324736775946803e-07
5.325560437086096e-07
5.325185838955804e-07
5.325076131157402e-07
5.325213692231046e-07
5.325523488863837e-07
5.324974381437642e-07
5.324961307451304e-07
5.325441634340677e-07
5.325700271896494e-07
5.326323844201397e-07
5.325755978446978e-07
5.325832148628251e-07
5.326111818249046e-07
5.326664336280373e-07
5.326710379449651e-07
5.326500058799866e-07
5.326288601281703e-07
5.326187419996131e-07
5.326427299223724e-07
5.325890128915489e-07
5.327005396793538e-07
5.327291319190408e-07
5.326854761733557e-07
5.326536438587937e-07
5.327336793925497e-07
5.327515850694908e-07
5.32739250047598e-07
5.326991185938823e-07
5.326971290742222e-07
5.326841687747219e-07
5.326913878889172e-07
5.326820087248052e-07
5.32658418705978e-07
5.326883751877176e-07
5.326980954123428e-07
5.327411258804204e-07
5.327488565853855e-07
5.327301551005803e-07
5.327690928425e-07
5.327232202034793e-07
5.327685244083114e-07
5.32762555849331e-07
5.32765398020274e-07
5.328212751010142e-07
5.327912049324368e-07
5.328307679519639e-07
5.32838498656929e-07
5.328475367605279e-07
5.328207066668256e-07
5.328906240720244e-07
5.328079737410008e-07
5.327759708961821e-07
5.327116809894505e-07
5.327671033228398e-07
5.327269150257052e-07
5.326892846824194e-07
5.326527912075107e-07
5.32695139554562e-07
5.326395466909162e-07
5.325592837834847e-07
5.325403549250041e-07
5.325031793290691e-07
5.325400138644909e-07
5.325047141013783e-07
5.325337042449974e-07
5.325607617123751e-07
5.32506874151295e-07
5.32528133589949e-07
5.324936864781193e-07
5.324932885741873e-07
5.324927201399987e-07
5.324881726664898e-07
5.32502383521205e-07
5.324565108821844e-07
5.324933454176062e-07
5.325149459167733e-07
5.324536118678225e-07
5.32488911630935e-07
5.325169922798523e-07
5.324363314684888e-07
5.324357061908813e-07
5.324515086613246e-07
5.324434937392653e-07
5.324041580934136e-07
5.324061476130737e-07
5.323786922417639e-07
5.323587402017438e-07
5.32400292740931e-07
5.324016569829837e-07
5.323858545125404e-07
5.324366156855831e-07
5.3239335784383e-07
5.324482685864496e-07
5.324649805515946e-07
5.323697109815839e-07
5.32433375610708e-07
5.324411063156731e-07
5.32435421973787e-07
5.324502012626908e-07
5.32401543296146e-07
5.324220637703547e-07
5.32366016159358e-07
5.323330469764187e-07
5.32350895809941e-07
5.322743277247355e-07
5.322986567080079e-07
5.322991114553588e-07
5.32326396296412e-07
5.32379090145696e-07
5.323179834704206e-07
5.323902882992115e-07
5.323665845935466e-07
5.323727805262024e-07
5.323662435330334e-07
5.324603762346669e-07
5.324274638951465e-07
5.323963137016108e-07
5.324229732650565e-07
5.324310450305347e-07
5.323734626472287e-07
5.323710752236366e-07
5.324018843566591e-07
5.323877303453628e-07
5.324495191416645e-07
5.324248490978789e-07
5.324635594661231e-07
5.32493402261025e-07
5.324545213625242e-07
5.323921641320339e-07
5.324470180312346e-07
5.324602057044103e-07
5.324278617990785e-07
5.32329636371287e-07
5.324308745002782e-07
5.324802714312682e-07
5.32483227289049e-07
5.325263146005454e-07
5.325288157109753e-07
5.325197776073765e-07
5.325653660293028e-07
5.32529782049096e-07
5.325053962224047e-07
5.325057941263367e-07
5.324692438080092e-07
5.32510966877453e-07
5.324930612005119e-07
5.325056235960801e-07
5.325108531906153e-07
5.325025540514616e-07
5.325047141013783e-07
5.325597953742545e-07
5.324856147126411e-07
5.325014740265033e-07
5.324710627974127e-07
5.324787935023778e-07
5.324674816620245e-07
5.324479843693553e-07
5.324810672391322e-07
5.325021561475296e-07
5.325258598531946e-07
5.325798042576935e-07
5.32591855062492e-07
5.32647788986651e-07
5.325684355739213e-07
5.325230176822515e-07
5.325296683622582e-07
5.325750294105092e-07
5.325592269400659e-07
5.32581623247097e-07
5.325186407389992e-07
5.32563660726737e-07
5.325798611011123e-07
5.325749725670903e-07
5.325671850187064e-07
5.32587762336334e-07
5.325119900589925e-07
5.325145480128413e-07
5.324336029843835e-07
5.324458243194385e-07
5.324497465153399e-07
5.324686185304017e-07
5.324342851054098e-07
5.324259291228373e-07
5.325067604644573e-07
5.323578875504609e-07
5.323676077750861e-07
5.324374114934471e-07
5.324006338014442e-07
5.3235743280311e-07
5.323413461155724e-07
5.322537504071079e-07
5.323136065271683e-07
5.323322511685546e-07
5.32297406152793e-07
5.322926881490275e-07
5.322046376932121e-07
5.322461902323994e-07
5.322501124283008e-07
5.323229288478615e-07
5.322733613866149e-07
5.323190634953789e-07
5.322788183548255e-07
5.323407776813838e-07
5.323167897586245e-07
5.322827973941457e-07
5.323406071511272e-07
5.323673804014106e-07
5.322874585544923e-07
5.322521019479609e-07
5.322955303199706e-07
5.323009872881812e-07
5.323162213244359e-07
5.322967240317666e-07
5.3231252650221e-07
5.322539777807833e-07
5.323362302078749e-07
5.323032041815168e-07
5.323437335391645e-07
5.323603886608907e-07
5.323592517925135e-07
5.323250320543593e-07
5.323154255165718e-07
5.322920060280012e-07
5.323175287230697e-07
5.323300342752191e-07
5.323168466020434e-07
5.323324216988112e-07
5.323396976564254e-07
5.322823426467949e-07
5.324055791788851e-07
5.323789764588582e-07
5.323335017237696e-07
5.322847869138059e-07
5.323327627593244e-07
5.322813194652554e-07
5.321982712302997e-07
5.322056040313328e-07
5.322327751855482e-07
5.321425646798161e-07
5.322020228959445e-07
5.321555249793164e-07
5.321438152350311e-07
5.32217768522969e-07
5.322214065017761e-07
5.322164042809163e-07
5.322201559465611e-07
5.321780918166041e-07
5.322460765455617e-07
5.321861635820824e-07
5.322763172443956e-07
5.321761591403629e-07
5.322546599018096e-07
5.322565925780509e-07
5.321989533513261e-07
5.321591629581235e-07
5.32163426214538e-07
5.322438028088072e-07
5.321329012986098e-07
5.321953722159378e-07
5.32204694536631e-07
5.322463039192371e-07
5.322513061400969e-07
5.322055471879139e-07
5.321814455783169e-07
5.322434617482941e-07
5.321721801010426e-07
5.321610387909459e-07
5.322374931893137e-07
5.321376193023752e-07
5.321147682479932e-07
5.321122671375633e-07
5.321655294210359e-07
5.322039555721858e-07
5.32181843482249e-07
5.322576726030093e-07
5.322092988535587e-07
5.321465437191364e-07
5.321455773810158e-07
5.321678031577903e-07
5.321874709807162e-07
5.321902563082404e-07
5.321633693711192e-07
5.321488174558908e-07
5.321489879861474e-07
5.322283413988771e-07
5.321307980921119e-07
5.321949743120058e-07
5.321527964952111e-07
5.322497145243688e-07
5.322040692590235e-07
5.322698939380643e-07
5.322586389411299e-07
5.322162337506597e-07
5.322374931893137e-07
5.322276592778508e-07
5.322105494087737e-07
5.322016818354314e-07
5.321618345988099e-07
5.321525691215356e-07
5.322278298081073e-07
5.322424954101734e-07
5.322314109434956e-07
5.321783760336984e-07
5.322360152604233e-07
5.321978733263677e-07
5.322740435076412e-07
5.322231686477608e-07
5.321713274497597e-07
5.321786602507927e-07
5.321813318914792e-07
5.322004312802164e-07
5.321728622220689e-07
5.321944058778172e-07
5.322066840562911e-07
5.322535230334324e-07
5.322277729646885e-07
5.322755782799504e-07
5.32220610693912e-07
5.32297406152793e-07
5.322857532519265e-07
5.323390155353991e-07
5.323138339008437e-07
5.322960987541592e-07
5.323029768078413e-07
5.323658456291014e-07
5.323463483364321e-07
5.323709615367989e-07
5.323917662281019e-07
5.324154699337669e-07
5.323826144376653e-07
5.323341270013771e-07
5.323517484612239e-07
5.323931873135734e-07
5.323814207258692e-07
5.322991682987777e-07
5.323890945874155e-07
5.323472578311339e-07
5.323390155353991e-07
5.32372951056459e-07
5.32315766577085e-07
5.323497589415638e-07
5.324110361470957e-07
5.324161520547932e-07
5.32385627138865e-07
5.324354788172059e-07
5.324095582182053e-07
5.323947789293015e-07
5.32415015186416e-07
5.324008611751196e-07
5.324536687112413e-07
5.324561129782523e-07
5.324490643943136e-07
5.324357630343002e-07
5.323834102455294e-07
5.324612857293687e-07
5.324646963345003e-07
5.325216534401989e-07
5.325131837707886e-07
5.325205734152405e-07
5.325078973328345e-07
5.32496699179319e-07
5.325691176949476e-07
5.325924234966806e-07
5.326270979821857e-07
5.32591002411209e-07
5.326101017999463e-07
5.325741767592262e-07
5.325706524672569e-07
5.325292136149073e-07
5.324988023858168e-07
5.325547363099759e-07
5.325323968463636e-07
5.324919811755535e-07
5.32524438767723e-07
5.325625807017786e-07
5.324943685991457e-07
5.325051688487292e-07
5.324372409631906e-07
5.324651510818512e-07
5.324735639078426e-07
5.324648100213381e-07
5.307059609549469e-07
5.306611683408846e-07
5.306781076797051e-07
5.306458206177922e-07
5.306952743922011e-07
5.306334287524805e-07
5.306543471306213e-07
5.306162051965657e-07
5.305680588207906e-07
5.305879540173919e-07
5.305558943291544e-07
5.305942067934666e-07
5.306656021275558e-07
5.30642637386336e-07
5.306004027261224e-07
5.306710590957664e-07
5.306305865815375e-07
5.306733896759397e-07
5.30610350324423e-07
5.306083608047629e-07
5.305716399561788e-07
5.306451953401847e-07
5.306094976731401e-07
